736917227
102457863
1473876508
Xiaoyua
Bella13
csx123123
XXXX11284444
606193715
1039414526
777208668
6942838666
199853115
_lelelelelele
183123685
631881492
577910461
1624617737
KeepRealAys
673938281
hmfff_zz
950909822
609454202
792366186
493644006
158682842
932135172
566448385
726894934
4779679323
262657862
1124wmy
262151169
8089421260
9422084204
492708508
203757017
5609288495
2939145057
844852786
j061801
Oct004_
2655430018
583110958
186493968
158105450
6222239294
644773351
991369847
9424433483
540772944
Nine19998
2629965593
1173556606
2600106668
262733404
ff19970828
876607509
